eval_baselines:

  snn2:
    indy01: 0.6774135828018188
    indy02: 0.5010538101196289
    indy03: 0.5994032025337219
    loco01: 0.5707334280014038
    loco02: 0.5145009756088257
    loco03: 0.6201670169830322

  snn3:
    indy01: 0.6967655420303345
    indy02: 0.5771909952163696
    indy03: 0.6517471075057983
    loco01: 0.6225693821907043
    loco02: 0.56768798828125
    loco03: 0.681292712688446
